
0.45,0.79,0.21262189887804
0.58,-0.07,-0.72514023587401
-0.77,0.48,-0.61516269344406
-1,0.49,-1.3403299883745
0.23,-0.77,-0.82995130849843
0.87,-0.74,-2.0781187159107
0.71,0.28,-0.6474887000121
-0.74,0.09,-1.1120970343256
0,-0.54,-0.5455243677998
-0.17,0.52,0.6079693482457
1,-0.9,-2.5111428246359
0.63,0.03,-0.70681704892725
-0.47,-0.35,-0.63229127776139
-0.89,0.91,-0.62243341127723
0.4,-0.39,-0.65092398346586
-0.26,-0.5,-0.75605545617457
-0.89,0.76,-1.040080489712
0.17,0.88,0.56268242186315
-0.22,0.82,0.91071340501771
0.1,0.68,0.32643256507889
0.5,0.22,-0.48483274570724
0.8,0.62,-0.72363034789427
0.47,0.92,0.37749727160798
0.96,-0.02,-2.1181776787331
-0.21,0,-0.29881598661713
0.26,0.42,0.24655483548987
-0.14,0.05,0.12079737164845
0.72,0.37,-0.72504418223256
-0.71,0.26,-0.85740742676696
0.24,-0.45,-0.81819902132958
0.73,-0.89,-2.1119406587764
0.52,0.75,0.14295657950084
-0.12,-0.19,-0.112466025301
0.01,-0.56,-0.50889941675435
-0.13,-0.64,-0.64292168702682
-0.15,0.3,0.26607604522632
0.49,-0.03,-0.43713261194887
-0.97,-0.81,-2.7224524800598
0.85,0.9,-0.74339002277203
0.87,0.94,-0.79592659947813
0.84,-0.72,-1.7851907110449
-0.13,-0.89,-0.51820883163513
-0.69,0.38,-0.72099384218522
0.78,-0.85,-2.0567605783987
-0.27,0.81,0.61358929975639
-0.17,0,0.16574129826195
0.06,0.87,0.77808489684923
0.08,0.11,-0.056899728289419
0.63,0.44,-0.19331153415127
-0.65,-0.27,-0.8831586493872
-0.87,-0.12,-1.5117748414167
-0.87,-0.48,-2.2780931801161
0.5,-0.25,-0.79331540801343
0.77,0.91,-0.12840959696184
-0.6,0.31,-0.2521219197349
-0.6,0.27,-0.31240517751015
-0.82,-0.35,-1.6654281887689
0.75,0.62,-0.32974590757543
0.52,0.28,-0.29937658397896
0.18,-0.54,-0.52216578001025
-0.14,-0.26,-0.55102786274221
-0.5,-0.04,-0.56402451970993
0.56,0.66,0.079969174470438
-0.38,0.21,-0.095549150488421
-0.36,-0.34,-0.68358070852067
-0.44,0.24,-0.19847853461406
0.3,0.73,0.14517840477734
0.85,0.78,-1.0094720584796
-0.25,0.64,0.76680457507432
-0.74,-0.22,-1.117058078857
0.64,0.83,0.012611404984442
-0.31,0.88,0.88675040383576
-0.58,-1,-1.4548237110565
-0.92,-0.78,-2.6675850162193
-0.7,0.3,-0.72960691259405
0.32,-0.27,-0.60702885873806
-0.23,-0.87,-0.73546683303124
0.78,0.73,-0.50089343233622
-0.22,0.54,0.73683462621645
0.18,0.5,0.40995302847975
-0.61,0.74,0.18129555406985
-0.74,0.14,-1.2059676652301
-0.22,-0.85,-1.1091362556089
-0.29,-0.66,-0.40214324018078
0.02,0.6,0.81946739823035
0.99,0.58,-1.3655090835325
0.03,-0.2,-0.095272746166349
0.05,-0.71,-1.0647085397697
0.15,0.55,0.12271616421183
0.14,0.29,0.10242319965004
-0.86,0.31,-1.2053515252428
-0.39,0.4,-0.12140444491014
-1,-0.55,-2.6828260937109
0.39,-0.54,-1.1365432556292
0.11,-0.33,-0.61485475953896
0.98,0.27,-1.2444779681034
0.56,0.87,0.35288714841882
0.28,0.97,0.62567998121433
0.72,0.35,-0.61245016710349
-0.7,-0.88,-1.4540691030948
-0.61,-0.82,-1.3423842450178
-0.28,0.6,0.40096425994966
-0.74,-0.51,-1.3340861302394
0.28,-0.39,-0.68754435959678
0.99,0.62,-1.5448168370298
-0.34,-0.85,-1.4618545579939
0.59,0.96,0.53754715856346
-0.68,-0.73,-1.3867776670912
-0.48,-0.34,-0.81188795099448
-0.07,-0.11,-0.29544095212781
0.16,-0.01,-0.34525421160131
-0.3,0.34,0.14386549809426
0.04,0.75,0.87109738962627
-0.21,-0.37,-0.2436318596209
-0.07,0.23,0.27617704008472
0.53,-0.72,-1.311183624884
0.58,0,-0.62669560332099
-0.17,0.03,-0.016597307203418
-0.03,0.02,0.22169105641575
0.43,-0.25,-0.55493561936717
0.87,0.88,-0.91070945153235
-0.31,-0.6,-0.77951093318288
0.66,-0.11,-0.87855059819358
-0.85,0.55,-1.0368710844829
-0.59,0.5,-0.026460014735321
0.83,-0.02,-1.4600542009237
-0.98,-0.46,-2.4812172198438
-0.76,-0.36,-1.3885392767225
-0.08,-0.01,-0.033951369222785
0.55,-0.53,-1.109988978905
-1,0.5,-1.606631729089
0.81,-0.79,-1.9377763428258
-0.54,-0.63,-1.4957202510988
0.97,-0.94,-2.9473941447793
0.46,0.67,0.25981251428015
0.04,-0.71,-0.41525851807405
0.79,0.32,-0.95562953907219
0.35,0.72,0.52601950809067
0.04,0.53,0.21729483687049
0.64,-0.02,-0.84535185317698
0.59,0.66,0.024095360712041
-0.11,0.59,0.76522736733239
-0.17,0.69,0.70237147191587
0.9,-0.79,-2.7393422846779
0.37,-0.06,-0.29873027757553
-0.62,-0.78,-1.7031871181768
0.61,0.36,-0.47344887586257
0.06,0.72,0.58671016685904
0.33,-0.36,-0.24467550729435
0,-0.19,-0.15478317675647
0.67,0.46,-0.18669152831026
-0.34,-0.83,-1.2903408714384
-0.28,0.59,0.43089285725402
-0.24,0.52,0.25945074322866
0.47,0.48,0.17383860080449
0.75,-0.21,-1.1633936077595
0.81,-0.13,-1.1989347471374
-0.04,0.63,0.72692692072064
0.76,0.22,-1.0022881017278
-0.23,0.44,0.24526735911983
-0.63,-0.12,-0.77857759429277
0.45,0.65,0.2682832687903
0.34,-0.56,-0.65477065197017
-0.68,0.48,-0.21012187848028
-0.25,0.01,0.2282204180905
-0.3,-1,-1.169815794325
0.35,0.22,0.28264234701456
0.64,-0.74,-1.339228411814
-0.38,0.74,0.56570369090763
-0.98,-0.72,-2.8165003185019
0.73,-0.79,-1.8399483776018
-0.69,0.87,-0.005569408222548
0.52,0.04,-0.51689779694201
0.05,0.32,0.62273859671214
0.57,0.83,0.23829639845252
0.01,0.89,0.55591793416535
0.9,-0.43,-2.0104754256804
-0.86,-1,-2.5971276695795
-0.12,-0.49,-0.54332976215798
-0.26,0.15,-0.071933994747814
-0.75,0.91,-0.4348114007273
-0.08,0.63,0.37377906832816
0.07,0.26,0.39972143460651
-0.21,-0.64,-0.83431271204503
-0.61,-0.06,-1.0028276578136
0.39,0.99,0.59325216889684
0.36,0.17,0.16429739114249
0.72,-0.51,-1.4991790361798
0.09,-0.11,-0.32682836329754
-0.06,-0.18,-0.29193898762267
0.46,-0.03,-0.57701178206296
-0.25,-0.84,-1.0411232106691
-0.51,0.44,-0.23679646265377
-0.53,0.53,-0.046793973202754
-0.94,-0.91,-3.1393279576804
-0.22,-0.88,-0.93292822445828
-0.29,0.11,-0.27428969696567
0.83,-0.04,-1.4169305414436
0.85,0.47,-1.4068218256585
